@database Kalender
@node "Main" "Kalender"
Die Kalender von 1995 bis 2010: @{" » 1995 « " link "1995"}
                                @{" » 1996 « " link "1996"} (Schaltjahr)
                                @{" » 1997 « " link "1997"}
                                @{" » 1998 « " link "1998"}
                                @{" » 1999 « " link "1999"}
                                @{" » 2000 « " link "2000"} (Schaltjahr)
                                @{" » 2001 « " link "2001"}
                                @{" » 2002 « " link "2002"}
                                @{" » 2003 « " link "2003"}
                                @{" » 2004 « " link "2004"} (Schaltjahr)
                                @{" » 2005 « " link "2005"}
                                @{" » 2006 « " link "2006"}
                                @{" » 2007 « " link "2007"}
                                @{" » 2008 « " link "2008"} (Schaltjahr)
                                @{" » 2009 « " link "2009"}
                                @{" » 2010 « " link "2010"}
@endnode

@node "1995" "1995"
@next "1996"
@prev "2010"
                              1995

      Januar                 Februar                 März
Mo Di Mi Do Fr Sa So   Mo Di Mi Do Fr Sa So   Mo Di Mi Do Fr Sa So
                   1          1  2  3  4  5          1  2  3  4  5
 2  3  4  5  6  7  8    6  7  8  9 10 11 12    6  7  8  9 10 11 12
 9 10 11 12 13 14 15   13 14 15 16 17 18 19   13 14 15 16 17 18 19
16 17 18 19 20 21 22   20 21 22 23 24 25 26   20 21 22 23 24 25 26
23 24 25 26 27 28 29   27 28                  27 28 29 30 31
30 31

       April                   Mai                   Juni
Mo Di Mi Do Fr Sa So   Mo Di Mi Do Fr Sa So   Mo Di Mi Do Fr Sa So
                1  2    1  2  3  4  5  6  7             1  2  3  4
 3  4  5  6  7  8  9    8  9 10 11 12 13 14    5  6  7  8  9 10 11
10 11 12 13 14 15 16   15 16 17 18 19 20 21   12 13 14 15 16 17 18
17 18 19 20 21 22 23   22 23 24 25 26 27 28   19 20 21 22 23 24 25
24 25 26 27 28 29 30   29 30 31               26 27 28 29 30

       Juli                  August                September
Mo Di Mi Do Fr Sa So   Mo Di Mi Do Fr Sa So   Mo Di Mi Do Fr Sa So
                1  2       1  2  3  4  5  6                1  2  3
 3  4  5  6  7  8  9    7  8  9 10 11 12 13    4  5  6  7  8  9 10
10 11 12 13 14 15 16   14 15 16 17 18 19 20   11 12 13 14 15 16 17
17 18 19 20 21 22 23   21 22 23 24 25 26 27   18 19 20 21 22 23 24
24 25 26 27 28 29 30   28 29 30 31            25 26 27 28 29 30
31

      Oktober               November               Dezember
Mo Di Mi Do Fr Sa So   Mo Di Mi Do Fr Sa So   Mo Di Mi Do Fr Sa So
                   1          1  2  3  4  5                1  2  3
 2  3  4  5  6  7  8    6  7  8  9 10 11 12    4  5  6  7  8  9 10
 9 10 11 12 13 14 15   13 14 15 16 17 18 19   11 12 13 14 15 16 17
16 17 18 19 20 21 22   20 21 22 23 24 25 26   18 19 20 21 22 23 24
23 24 25 26 27 28 29   27 28 29 30            25 26 27 28 29 30 31
30 31
@endnode

@node "1996" "1996"
@next "1997"
@prev "1995"
                              1996

      Januar                 Februar                 März
Mo Di Mi Do Fr Sa So   Mo Di Mi Do Fr Sa So   Mo Di Mi Do Fr Sa So
 1  2  3  4  5  6  7             1  2  3  4                1  2  3
 8  9 10 11 12 13 14    5  6  7  8  9 10 11    4  5  6  7  8  9 10
15 16 17 18 19 20 21   12 13 14 15 16 17 18   11 12 13 14 15 16 17
22 23 24 25 26 27 28   19 20 21 22 23 24 25   18 19 20 21 22 23 24
29 30 31               26 27 28 29            25 26 27 28 29 30 31

       April                   Mai                   Juni
Mo Di Mi Do Fr Sa So   Mo Di Mi Do Fr Sa So   Mo Di Mi Do Fr Sa So
 1  2  3  4  5  6  7          1  2  3  4  5                   1  2
 8  9 10 11 12 13 14    6  7  8  9 10 11 12    3  4  5  6  7  8  9
15 16 17 18 19 20 21   13 14 15 16 17 18 19   10 11 12 13 14 15 16
22 23 24 25 26 27 28   20 21 22 23 24 25 26   17 18 19 20 21 22 23
29 30                  27 28 29 30 31         24 25 26 27 28 29 30

       Juli                  August                September
Mo Di Mi Do Fr Sa So   Mo Di Mi Do Fr Sa So   Mo Di Mi Do Fr Sa So
 1  2  3  4  5  6  7             1  2  3  4                      1
 8  9 10 11 12 13 14    5  6  7  8  9 10 11    2  3  4  5  6  7  8
15 16 17 18 19 20 21   12 13 14 15 16 17 18    9 10 11 12 13 14 15
22 23 24 25 26 27 28   19 20 21 22 23 24 25   16 17 18 19 20 21 22
29 30 31               26 27 28 29 30 31      23 24 25 26 27 28 29
                                              30

      Oktober               November               Dezember
Mo Di Mi Do Fr Sa So   Mo Di Mi Do Fr Sa So   Mo Di Mi Do Fr Sa So
    1  2  3  4  5  6                1  2  3                      1
 7  8  9 10 11 12 13    4  5  6  7  8  9 10    2  3  4  5  6  7  8
14 15 16 17 18 19 20   11 12 13 14 15 16 17    9 10 11 12 13 14 15
21 22 23 24 25 26 27   18 19 20 21 22 23 24   16 17 18 19 20 21 22
28 29 30 31            25 26 27 28 29 30      23 24 25 26 27 28 29
                                              30 31
@endnode

@node "1997" "1997"
@next "1998"
@prev "1996"
                              1997

      Januar                 Februar                 März
Mo Di Mi Do Fr Sa So   Mo Di Mi Do Fr Sa So   Mo Di Mi Do Fr Sa So
       1  2  3  4  5                   1  2                   1  2
 6  7  8  9 10 11 12    3  4  5  6  7  8  9    3  4  5  6  7  8  9
13 14 15 16 17 18 19   10 11 12 13 14 15 16   10 11 12 13 14 15 16
20 21 22 23 24 25 26   17 18 19 20 21 22 23   17 18 19 20 21 22 23
27 28 29 30 31         24 25 26 27 28         24 25 26 27 28 29 30
                                              31

       April                   Mai                   Juni
Mo Di Mi Do Fr Sa So   Mo Di Mi Do Fr Sa So   Mo Di Mi Do Fr Sa So
    1  2  3  4  5  6             1  2  3  4                      1
 7  8  9 10 11 12 13    5  6  7  8  9 10 11    2  3  4  5  6  7  8
14 15 16 17 18 19 20   12 13 14 15 16 17 18    9 10 11 12 13 14 15
21 22 23 24 25 26 27   19 20 21 22 23 24 25   16 17 18 19 20 21 22
28 29 30               26 27 28 29 30 31      23 24 25 26 27 28 29
                                              30

       Juli                  August                September
Mo Di Mi Do Fr Sa So   Mo Di Mi Do Fr Sa So   Mo Di Mi Do Fr Sa So
    1  2  3  4  5  6                1  2  3    1  2  3  4  5  6  7
 7  8  9 10 11 12 13    4  5  6  7  8  9 10    8  9 10 11 12 13 14
14 15 16 17 18 19 20   11 12 13 14 15 16 17   15 16 17 18 19 20 21
21 22 23 24 25 26 27   18 19 20 21 22 23 24   22 23 24 25 26 27 28
28 29 30 31            25 26 27 28 29 30 31   29 30

      Oktober               November               Dezember
Mo Di Mi Do Fr Sa So   Mo Di Mi Do Fr Sa So   Mo Di Mi Do Fr Sa So
       1  2  3  4  5                   1  2    1  2  3  4  5  6  7
 6  7  8  9 10 11 12    3  4  5  6  7  8  9    8  9 10 11 12 13 14
13 14 15 16 17 18 19   10 11 12 13 14 15 16   15 16 17 18 19 20 21
20 21 22 23 24 25 26   17 18 19 20 21 22 23   22 23 24 25 26 27 28
27 28 29 30 31         24 25 26 27 28 29 30   29 30 31
@endnode

@node "1998" "1998"
@next "1999"
@prev "1997"
                              1998

      Januar                 Februar                 März
Mo Di Mi Do Fr Sa So   Mo Di Mi Do Fr Sa So   Mo Di Mi Do Fr Sa So
          1  2  3  4                      1                      1
 5  6  7  8  9 10 11    2  3  4  5  6  7  8    2  3  4  5  6  7  8
12 13 14 15 16 17 18    9 10 11 12 13 14 15    9 10 11 12 13 14 15
19 20 21 22 23 24 25   16 17 18 19 20 21 22   16 17 18 19 20 21 22
26 27 28 29 30 31      23 24 25 26 27 28      23 24 25 26 27 28 29
                                              30 31

       April                   Mai                   Juni
Mo Di Mi Do Fr Sa So   Mo Di Mi Do Fr Sa So   Mo Di Mi Do Fr Sa So
       1  2  3  4  5                1  2  3    1  2  3  4  5  6  7
 6  7  8  9 10 11 12    4  5  6  7  8  9 10    8  9 10 11 12 13 14
13 14 15 16 17 18 19   11 12 13 14 15 16 17   15 16 17 18 19 20 21
20 21 22 23 24 25 26   18 19 20 21 22 23 24   22 23 24 25 26 27 28
27 28 29 30            25 26 27 28 29 30 31   29 30

       Juli                  August                September
Mo Di Mi Do Fr Sa So   Mo Di Mi Do Fr Sa So   Mo Di Mi Do Fr Sa So
       1  2  3  4  5                   1  2       1  2  3  4  5  6
 6  7  8  9 10 11 12    3  4  5  6  7  8  9    7  8  9 10 11 12 13
13 14 15 16 17 18 19   10 11 12 13 14 15 16   14 15 16 17 18 19 20
20 21 22 23 24 25 26   17 18 19 20 21 22 23   21 22 23 24 25 26 27
27 28 29 30 31         24 25 26 27 28 29 30   28 29 30
                       31

      Oktober               November               Dezember
Mo Di Mi Do Fr Sa So   Mo Di Mi Do Fr Sa So   Mo Di Mi Do Fr Sa So
          1  2  3  4                      1       1  2  3  4  5  6
 5  6  7  8  9 10 11    2  3  4  5  6  7  8    7  8  9 10 11 12 13
12 13 14 15 16 17 18    9 10 11 12 13 14 15   14 15 16 17 18 19 20
19 20 21 22 23 24 25   16 17 18 19 20 21 22   21 22 23 24 25 26 27
26 27 28 29 30 31      23 24 25 26 27 28 29   28 29 30 31
                       30
@endnode

@node "1999" "1999"
@next "2000"
@prev "1998"
                              1999

      Januar                 Februar                 März
Mo Di Mi Do Fr Sa So   Mo Di Mi Do Fr Sa So   Mo Di Mi Do Fr Sa So
             1  2  3    1  2  3  4  5  6  7    1  2  3  4  5  6  7
 4  5  6  7  8  9 10    8  9 10 11 12 13 14    8  9 10 11 12 13 14
11 12 13 14 15 16 17   15 16 17 18 19 20 21   15 16 17 18 19 20 21
18 19 20 21 22 23 24   22 23 24 25 26 27 28   22 23 24 25 26 27 28
25 26 27 28 29 30 31                          29 30 31

       April                   Mai                   Juni
Mo Di Mi Do Fr Sa So   Mo Di Mi Do Fr Sa So   Mo Di Mi Do Fr Sa So
          1  2  3  4                   1  2       1  2  3  4  5  6
 5  6  7  8  9 10 11    3  4  5  6  7  8  9    7  8  9 10 11 12 13
12 13 14 15 16 17 18   10 11 12 13 14 15 16   14 15 16 17 18 19 20
19 20 21 22 23 24 25   17 18 19 20 21 22 23   21 22 23 24 25 26 27
26 27 28 29 30         24 25 26 27 28 29 30   28 29 30
                       31

       Juli                  August                September
Mo Di Mi Do Fr Sa So   Mo Di Mi Do Fr Sa So   Mo Di Mi Do Fr Sa So
          1  2  3  4                      1          1  2  3  4  5
 5  6  7  8  9 10 11    2  3  4  5  6  7  8    6  7  8  9 10 11 12
12 13 14 15 16 17 18    9 10 11 12 13 14 15   13 14 15 16 17 18 19
19 20 21 22 23 24 25   16 17 18 19 20 21 22   20 21 22 23 24 25 26
26 27 28 29 30 31      23 24 25 26 27 28 29   27 28 29 30
                       30 31

      Oktober               November               Dezember
Mo Di Mi Do Fr Sa So   Mo Di Mi Do Fr Sa So   Mo Di Mi Do Fr Sa So
             1  2  3    1  2  3  4  5  6  7          1  2  3  4  5
 4  5  6  7  8  9 10    8  9 10 11 12 13 14    6  7  8  9 10 11 12
11 12 13 14 15 16 17   15 16 17 18 19 20 21   13 14 15 16 17 18 19
18 19 20 21 22 23 24   22 23 24 25 26 27 28   20 21 22 23 24 25 26
25 26 27 28 29 30 31   29 30                  27 28 29 30 31
@endnode

@node "2000" "2000"
@next "2001"
@prev "1999"
                              2000

      Januar                 Februar                 März
Mo Di Mi Do Fr Sa So   Mo Di Mi Do Fr Sa So   Mo Di Mi Do Fr Sa So
                1  2       1  2  3  4  5  6          1  2  3  4  5
 3  4  5  6  7  8  9    7  8  9 10 11 12 13    6  7  8  9 10 11 12
10 11 12 13 14 15 16   14 15 16 17 18 19 20   13 14 15 16 17 18 19
17 18 19 20 21 22 23   21 22 23 24 25 26 27   20 21 22 23 24 25 26
24 25 26 27 28 29 30   28 29                  27 28 29 30 31
31

       April                   Mai                   Juni
Mo Di Mi Do Fr Sa So   Mo Di Mi Do Fr Sa So   Mo Di Mi Do Fr Sa So
                1  2    1  2  3  4  5  6  7             1  2  3  4
 3  4  5  6  7  8  9    8  9 10 11 12 13 14    5  6  7  8  9 10 11
10 11 12 13 14 15 16   15 16 17 18 19 20 21   12 13 14 15 16 17 18
17 18 19 20 21 22 23   22 23 24 25 26 27 28   19 20 21 22 23 24 25
24 25 26 27 28 29 30   29 30 31               26 27 28 29 30

       Juli                  August                September
Mo Di Mi Do Fr Sa So   Mo Di Mi Do Fr Sa So   Mo Di Mi Do Fr Sa So
                1  2       1  2  3  4  5  6                1  2  3
 3  4  5  6  7  8  9    7  8  9 10 11 12 13    4  5  6  7  8  9 10
10 11 12 13 14 15 16   14 15 16 17 18 19 20   11 12 13 14 15 16 17
17 18 19 20 21 22 23   21 22 23 24 25 26 27   18 19 20 21 22 23 24
24 25 26 27 28 29 30   28 29 30 31            25 26 27 28 29 30
31

      Oktober               November               Dezember
Mo Di Mi Do Fr Sa So   Mo Di Mi Do Fr Sa So   Mo Di Mi Do Fr Sa So
                   1          1  2  3  4  5                1  2  3
 2  3  4  5  6  7  8    6  7  8  9 10 11 12    4  5  6  7  8  9 10
 9 10 11 12 13 14 15   13 14 15 16 17 18 19   11 12 13 14 15 16 17
16 17 18 19 20 21 22   20 21 22 23 24 25 26   18 19 20 21 22 23 24
23 24 25 26 27 28 29   27 28 29 30            25 26 27 28 29 30 31
30 31
@endnode

@node "2001" "2001"
@next "2002"
@prev "2000"
                              2001

      Januar                 Februar                 März
Mo Di Mi Do Fr Sa So   Mo Di Mi Do Fr Sa So   Mo Di Mi Do Fr Sa So
 1  2  3  4  5  6  7             1  2  3  4             1  2  3  4
 8  9 10 11 12 13 14    5  6  7  8  9 10 11    5  6  7  8  9 10 11
15 16 17 18 19 20 21   12 13 14 15 16 17 18   12 13 14 15 16 17 18
22 23 24 25 26 27 28   19 20 21 22 23 24 25   19 20 21 22 23 24 25
29 30 31               26 27 28               26 27 28 29 30 31

       April                   Mai                   Juni
Mo Di Mi Do Fr Sa So   Mo Di Mi Do Fr Sa So   Mo Di Mi Do Fr Sa So
                   1       1  2  3  4  5  6                1  2  3
 2  3  4  5  6  7  8    7  8  9 10 11 12 13    4  5  6  7  8  9 10
 9 10 11 12 13 14 15   14 15 16 17 18 19 20   11 12 13 14 15 16 17
16 17 18 19 20 21 22   21 22 23 24 25 26 27   18 19 20 21 22 23 24
23 24 25 26 27 28 29   28 29 30 31            25 26 27 28 29 30
30

       Juli                  August                September
Mo Di Mi Do Fr Sa So   Mo Di Mi Do Fr Sa So   Mo Di Mi Do Fr Sa So
                   1          1  2  3  4  5                   1  2
 2  3  4  5  6  7  8    6  7  8  9 10 11 12    3  4  5  6  7  8  9
 9 10 11 12 13 14 15   13 14 15 16 17 18 19   10 11 12 13 14 15 16
16 17 18 19 20 21 22   20 21 22 23 24 25 26   17 18 19 20 21 22 23
23 24 25 26 27 28 29   27 28 29 30 31         24 25 26 27 28 29 30
30 31

      Oktober               November               Dezember
Mo Di Mi Do Fr Sa So   Mo Di Mi Do Fr Sa So   Mo Di Mi Do Fr Sa So
 1  2  3  4  5  6  7             1  2  3  4                   1  2
 8  9 10 11 12 13 14    5  6  7  8  9 10 11    3  4  5  6  7  8  9
15 16 17 18 19 20 21   12 13 14 15 16 17 18   10 11 12 13 14 15 16
22 23 24 25 26 27 28   19 20 21 22 23 24 25   17 18 19 20 21 22 23
29 30 31               26 27 28 29 30         24 25 26 27 28 29 30
                                              31
@endnode

@node "2002" "2002"
@next "2003"
@prev "2001"
                              2002

      Januar                 Februar                 März
Mo Di Mi Do Fr Sa So   Mo Di Mi Do Fr Sa So   Mo Di Mi Do Fr Sa So
    1  2  3  4  5  6                1  2  3                1  2  3
 7  8  9 10 11 12 13    4  5  6  7  8  9 10    4  5  6  7  8  9 10
14 15 16 17 18 19 20   11 12 13 14 15 16 17   11 12 13 14 15 16 17
21 22 23 24 25 26 27   18 19 20 21 22 23 24   18 19 20 21 22 23 24
28 29 30 31            25 26 27 28            25 26 27 28 29 30 31

       April                   Mai                   Juni
Mo Di Mi Do Fr Sa So   Mo Di Mi Do Fr Sa So   Mo Di Mi Do Fr Sa So
 1  2  3  4  5  6  7          1  2  3  4  5                   1  2
 8  9 10 11 12 13 14    6  7  8  9 10 11 12    3  4  5  6  7  8  9
15 16 17 18 19 20 21   13 14 15 16 17 18 19   10 11 12 13 14 15 16
22 23 24 25 26 27 28   20 21 22 23 24 25 26   17 18 19 20 21 22 23
29 30                  27 28 29 30 31         24 25 26 27 28 29 30

       Juli                  August                September
Mo Di Mi Do Fr Sa So   Mo Di Mi Do Fr Sa So   Mo Di Mi Do Fr Sa So
 1  2  3  4  5  6  7             1  2  3  4                      1
 8  9 10 11 12 13 14    5  6  7  8  9 10 11    2  3  4  5  6  7  8
15 16 17 18 19 20 21   12 13 14 15 16 17 18    9 10 11 12 13 14 15
22 23 24 25 26 27 28   19 20 21 22 23 24 25   16 17 18 19 20 21 22
29 30 31               26 27 28 29 30 31      23 24 25 26 27 28 29
                                              30

      Oktober               November               Dezember
Mo Di Mi Do Fr Sa So   Mo Di Mi Do Fr Sa So   Mo Di Mi Do Fr Sa So
    1  2  3  4  5  6                1  2  3                      1
 7  8  9 10 11 12 13    4  5  6  7  8  9 10    2  3  4  5  6  7  8
14 15 16 17 18 19 20   11 12 13 14 15 16 17    9 10 11 12 13 14 15
21 22 23 24 25 26 27   18 19 20 21 22 23 24   16 17 18 19 20 21 22
28 29 30 31            25 26 27 28 29 30      23 24 25 26 27 28 29
                                              30 31
@endnode

@node "2003" "2003"
@next "2004"
@prev "2002"
                              2003

      Januar                 Februar                 März
Mo Di Mi Do Fr Sa So   Mo Di Mi Do Fr Sa So   Mo Di Mi Do Fr Sa So
       1  2  3  4  5                   1  2                   1  2
 6  7  8  9 10 11 12    3  4  5  6  7  8  9    3  4  5  6  7  8  9
13 14 15 16 17 18 19   10 11 12 13 14 15 16   10 11 12 13 14 15 16
20 21 22 23 24 25 26   17 18 19 20 21 22 23   17 18 19 20 21 22 23
27 28 29 30 31         24 25 26 27 28         24 25 26 27 28 29 30
                                              31

       April                   Mai                   Juni
Mo Di Mi Do Fr Sa So   Mo Di Mi Do Fr Sa So   Mo Di Mi Do Fr Sa So
    1  2  3  4  5  6             1  2  3  4                      1
 7  8  9 10 11 12 13    5  6  7  8  9 10 11    2  3  4  5  6  7  8
14 15 16 17 18 19 20   12 13 14 15 16 17 18    9 10 11 12 13 14 15
21 22 23 24 25 26 27   19 20 21 22 23 24 25   16 17 18 19 20 21 22
28 29 30               26 27 28 29 30 31      23 24 25 26 27 28 29
                                              30

       Juli                  August                September
Mo Di Mi Do Fr Sa So   Mo Di Mi Do Fr Sa So   Mo Di Mi Do Fr Sa So
    1  2  3  4  5  6                1  2  3    1  2  3  4  5  6  7
 7  8  9 10 11 12 13    4  5  6  7  8  9 10    8  9 10 11 12 13 14
14 15 16 17 18 19 20   11 12 13 14 15 16 17   15 16 17 18 19 20 21
21 22 23 24 25 26 27   18 19 20 21 22 23 24   22 23 24 25 26 27 28
28 29 30 31            25 26 27 28 29 30 31   29 30

      Oktober               November               Dezember
Mo Di Mi Do Fr Sa So   Mo Di Mi Do Fr Sa So   Mo Di Mi Do Fr Sa So
       1  2  3  4  5                   1  2    1  2  3  4  5  6  7
 6  7  8  9 10 11 12    3  4  5  6  7  8  9    8  9 10 11 12 13 14
13 14 15 16 17 18 19   10 11 12 13 14 15 16   15 16 17 18 19 20 21
20 21 22 23 24 25 26   17 18 19 20 21 22 23   22 23 24 25 26 27 28
27 28 29 30 31         24 25 26 27 28 29 30   29 30 31

@endnode

@node "2004" "2004"
@next "2005"
@prev "2003"
                              2004

      Januar                 Februar                 März
Mo Di Mi Do Fr Sa So   Mo Di Mi Do Fr Sa So   Mo Di Mi Do Fr Sa So
          1  2  3  4                      1    1  2  3  4  5  6  7
 5  6  7  8  9 10 11    2  3  4  5  6  7  8    8  9 10 11 12 13 14
12 13 14 15 16 17 18    9 10 11 12 13 14 15   15 16 17 18 19 20 21
19 20 21 22 23 24 25   16 17 18 19 20 21 22   22 23 24 25 26 27 28
26 27 28 29 30 31      23 24 25 26 27 28 29   29 30 31

       April                   Mai                   Juni
Mo Di Mi Do Fr Sa So   Mo Di Mi Do Fr Sa So   Mo Di Mi Do Fr Sa So
          1  2  3  4                   1  2       1  2  3  4  5  6
 5  6  7  8  9 10 11    3  4  5  6  7  8  9    7  8  9 10 11 12 13
12 13 14 15 16 17 18   10 11 12 13 14 15 16   14 15 16 17 18 19 20
19 20 21 22 23 24 25   17 18 19 20 21 22 23   21 22 23 24 25 26 27
26 27 28 29 30         24 25 26 27 28 29 30   28 29 30
                       31

       Juli                  August                September
Mo Di Mi Do Fr Sa So   Mo Di Mi Do Fr Sa So   Mo Di Mi Do Fr Sa So
          1  2  3  4                      1          1  2  3  4  5
 5  6  7  8  9 10 11    2  3  4  5  6  7  8    6  7  8  9 10 11 12
12 13 14 15 16 17 18    9 10 11 12 13 14 15   13 14 15 16 17 18 19
19 20 21 22 23 24 25   16 17 18 19 20 21 22   20 21 22 23 24 25 26
26 27 28 29 30 31      23 24 25 26 27 28 29   27 28 29 30
                       30 31

      Oktober               November               Dezember
Mo Di Mi Do Fr Sa So   Mo Di Mi Do Fr Sa So   Mo Di Mi Do Fr Sa So
             1  2  3    1  2  3  4  5  6  7          1  2  3  4  5
 4  5  6  7  8  9 10    8  9 10 11 12 13 14    6  7  8  9 10 11 12
11 12 13 14 15 16 17   15 16 17 18 19 20 21   13 14 15 16 17 18 19
18 19 20 21 22 23 24   22 23 24 25 26 27 28   20 21 22 23 24 25 26
25 26 27 28 29 30 31   29 30                  27 28 29 30 31
@endnode

@node "2005" "2005"
@next "2006"
@prev "2004"
                              2005

      Januar                 Februar                 März
Mo Di Mi Do Fr Sa So   Mo Di Mi Do Fr Sa So   Mo Di Mi Do Fr Sa So
                1  2       1  2  3  4  5  6       1  2  3  4  5  6
 3  4  5  6  7  8  9    7  8  9 10 11 12 13    7  8  9 10 11 12 13
10 11 12 13 14 15 16   14 15 16 17 18 19 20   14 15 16 17 18 19 20
17 18 19 20 21 22 23   21 22 23 24 25 26 27   21 22 23 24 25 26 27
24 25 26 27 28 29 30   28                     28 29 30 31
31

       April                   Mai                   Juni
Mo Di Mi Do Fr Sa So   Mo Di Mi Do Fr Sa So   Mo Di Mi Do Fr Sa So
             1  2  3                      1          1  2  3  4  5
 4  5  6  7  8  9 10    2  3  4  5  6  7  8    6  7  8  9 10 11 12
11 12 13 14 15 16 17    9 10 11 12 13 14 15   13 14 15 16 17 18 19
18 19 20 21 22 23 24   16 17 18 19 20 21 22   20 21 22 23 24 25 26
25 26 27 28 29 30      23 24 25 26 27 28 29   27 28 29 30
                       30 31

       Juli                  August                September
Mo Di Mi Do Fr Sa So   Mo Di Mi Do Fr Sa So   Mo Di Mi Do Fr Sa So
             1  2  3    1  2  3  4  5  6  7             1  2  3  4
 4  5  6  7  8  9 10    8  9 10 11 12 13 14    5  6  7  8  9 10 11
11 12 13 14 15 16 17   15 16 17 18 19 20 21   12 13 14 15 16 17 18
18 19 20 21 22 23 24   22 23 24 25 26 27 28   19 20 21 22 23 24 25
25 26 27 28 29 30 31   29 30 31               26 27 28 29 30

      Oktober               November               Dezember
Mo Di Mi Do Fr Sa So   Mo Di Mi Do Fr Sa So   Mo Di Mi Do Fr Sa So
                1  2       1  2  3  4  5  6             1  2  3  4
 3  4  5  6  7  8  9    7  8  9 10 11 12 13    5  6  7  8  9 10 11
10 11 12 13 14 15 16   14 15 16 17 18 19 20   12 13 14 15 16 17 18
17 18 19 20 21 22 23   21 22 23 24 25 26 27   19 20 21 22 23 24 25
24 25 26 27 28 29 30   28 29 30               26 27 28 29 30 31
31
@endnode

@node "2006" "2006"
@next "2007"
@prev "2005"
                              2006

      Januar                 Februar                 März
Mo Di Mi Do Fr Sa So   Mo Di Mi Do Fr Sa So   Mo Di Mi Do Fr Sa So
                   1          1  2  3  4  5          1  2  3  4  5
 2  3  4  5  6  7  8    6  7  8  9 10 11 12    6  7  8  9 10 11 12
 9 10 11 12 13 14 15   13 14 15 16 17 18 19   13 14 15 16 17 18 19
16 17 18 19 20 21 22   20 21 22 23 24 25 26   20 21 22 23 24 25 26
23 24 25 26 27 28 29   27 28                  27 28 29 30 31
30 31

       April                   Mai                   Juni
Mo Di Mi Do Fr Sa So   Mo Di Mi Do Fr Sa So   Mo Di Mi Do Fr Sa So
                1  2    1  2  3  4  5  6  7             1  2  3  4
 3  4  5  6  7  8  9    8  9 10 11 12 13 14    5  6  7  8  9 10 11
10 11 12 13 14 15 16   15 16 17 18 19 20 21   12 13 14 15 16 17 18
17 18 19 20 21 22 23   22 23 24 25 26 27 28   19 20 21 22 23 24 25
24 25 26 27 28 29 30   29 30 31               26 27 28 29 30

       Juli                  August                September
Mo Di Mi Do Fr Sa So   Mo Di Mi Do Fr Sa So   Mo Di Mi Do Fr Sa So
                1  2       1  2  3  4  5  6                1  2  3
 3  4  5  6  7  8  9    7  8  9 10 11 12 13    4  5  6  7  8  9 10
10 11 12 13 14 15 16   14 15 16 17 18 19 20   11 12 13 14 15 16 17
17 18 19 20 21 22 23   21 22 23 24 25 26 27   18 19 20 21 22 23 24
24 25 26 27 28 29 30   28 29 30 31            25 26 27 28 29 30
31

      Oktober               November               Dezember
Mo Di Mi Do Fr Sa So   Mo Di Mi Do Fr Sa So   Mo Di Mi Do Fr Sa So
                   1          1  2  3  4  5                1  2  3
 2  3  4  5  6  7  8    6  7  8  9 10 11 12    4  5  6  7  8  9 10
 9 10 11 12 13 14 15   13 14 15 16 17 18 19   11 12 13 14 15 16 17
16 17 18 19 20 21 22   20 21 22 23 24 25 26   18 19 20 21 22 23 24
23 24 25 26 27 28 29   27 28 29 30            25 26 27 28 29 30 31
30 31
@endnode

@node "2007" "2007"
@next "2008"
@prev "2006"
                              2007

      Januar                 Februar                 März
Mo Di Mi Do Fr Sa So   Mo Di Mi Do Fr Sa So   Mo Di Mi Do Fr Sa So
 1  2  3  4  5  6  7             1  2  3  4             1  2  3  4
 8  9 10 11 12 13 14    5  6  7  8  9 10 11    5  6  7  8  9 10 11
15 16 17 18 19 20 21   12 13 14 15 16 17 18   12 13 14 15 16 17 18
22 23 24 25 26 27 28   19 20 21 22 23 24 25   19 20 21 22 23 24 25
29 30 31               26 27 28               26 27 28 29 30 31

       April                   Mai                   Juni
Mo Di Mi Do Fr Sa So   Mo Di Mi Do Fr Sa So   Mo Di Mi Do Fr Sa So
                   1       1  2  3  4  5  6                1  2  3
 2  3  4  5  6  7  8    7  8  9 10 11 12 13    4  5  6  7  8  9 10
 9 10 11 12 13 14 15   14 15 16 17 18 19 20   11 12 13 14 15 16 17
16 17 18 19 20 21 22   21 22 23 24 25 26 27   18 19 20 21 22 23 24
23 24 25 26 27 28 29   28 29 30 31            25 26 27 28 29 30
30

       Juli                  August                September
Mo Di Mi Do Fr Sa So   Mo Di Mi Do Fr Sa So   Mo Di Mi Do Fr Sa So
                   1          1  2  3  4  5                   1  2
 2  3  4  5  6  7  8    6  7  8  9 10 11 12    3  4  5  6  7  8  9
 9 10 11 12 13 14 15   13 14 15 16 17 18 19   10 11 12 13 14 15 16
16 17 18 19 20 21 22   20 21 22 23 24 25 26   17 18 19 20 21 22 23
23 24 25 26 27 28 29   27 28 29 30 31         24 25 26 27 28 29 30
30 31

      Oktober               November               Dezember
Mo Di Mi Do Fr Sa So   Mo Di Mi Do Fr Sa So   Mo Di Mi Do Fr Sa So
 1  2  3  4  5  6  7             1  2  3  4                   1  2
 8  9 10 11 12 13 14    5  6  7  8  9 10 11    3  4  5  6  7  8  9
15 16 17 18 19 20 21   12 13 14 15 16 17 18   10 11 12 13 14 15 16
22 23 24 25 26 27 28   19 20 21 22 23 24 25   17 18 19 20 21 22 23
29 30 31               26 27 28 29 30         24 25 26 27 28 29 30
                                              31
@endnode

@node "2008" "2008"
@next "2009"
@prev "2007"
                              2008

      Januar                 Februar                 März
Mo Di Mi Do Fr Sa So   Mo Di Mi Do Fr Sa So   Mo Di Mi Do Fr Sa So
    1  2  3  4  5  6                1  2  3                   1  2
 7  8  9 10 11 12 13    4  5  6  7  8  9 10    3  4  5  6  7  8  9
14 15 16 17 18 19 20   11 12 13 14 15 16 17   10 11 12 13 14 15 16
21 22 23 24 25 26 27   18 19 20 21 22 23 24   17 18 19 20 21 22 23
28 29 30 31            25 26 27 28 29         24 25 26 27 28 29 30
                                              31

       April                   Mai                   Juni
Mo Di Mi Do Fr Sa So   Mo Di Mi Do Fr Sa So   Mo Di Mi Do Fr Sa So
    1  2  3  4  5  6             1  2  3  4                      1
 7  8  9 10 11 12 13    5  6  7  8  9 10 11    2  3  4  5  6  7  8
14 15 16 17 18 19 20   12 13 14 15 16 17 18    9 10 11 12 13 14 15
21 22 23 24 25 26 27   19 20 21 22 23 24 25   16 17 18 19 20 21 22
28 29 30               26 27 28 29 30 31      23 24 25 26 27 28 29
                                              30

       Juli                  August                September
Mo Di Mi Do Fr Sa So   Mo Di Mi Do Fr Sa So   Mo Di Mi Do Fr Sa So
    1  2  3  4  5  6                1  2  3    1  2  3  4  5  6  7
 7  8  9 10 11 12 13    4  5  6  7  8  9 10    8  9 10 11 12 13 14
14 15 16 17 18 19 20   11 12 13 14 15 16 17   15 16 17 18 19 20 21
21 22 23 24 25 26 27   18 19 20 21 22 23 24   22 23 24 25 26 27 28
28 29 30 31            25 26 27 28 29 30 31   29 30

      Oktober               November               Dezember
Mo Di Mi Do Fr Sa So   Mo Di Mi Do Fr Sa So   Mo Di Mi Do Fr Sa So
       1  2  3  4  5                   1  2    1  2  3  4  5  6  7
 6  7  8  9 10 11 12    3  4  5  6  7  8  9    8  9 10 11 12 13 14
13 14 15 16 17 18 19   10 11 12 13 14 15 16   15 16 17 18 19 20 21
20 21 22 23 24 25 26   17 18 19 20 21 22 23   22 23 24 25 26 27 28
27 28 29 30 31         24 25 26 27 28 29 30   29 30 31
@endnode

@node "2009" "2009"
@next "2010"
@prev "2008"
                              2009

      Januar                 Februar                 März
Mo Di Mi Do Fr Sa So   Mo Di Mi Do Fr Sa So   Mo Di Mi Do Fr Sa So
          1  2  3  4                      1                      1
 5  6  7  8  9 10 11    2  3  4  5  6  7  8    2  3  4  5  6  7  8
12 13 14 15 16 17 18    9 10 11 12 13 14 15    9 10 11 12 13 14 15
19 20 21 22 23 24 25   16 17 18 19 20 21 22   16 17 18 19 20 21 22
26 27 28 29 30 31      23 24 25 26 27 28      23 24 25 26 27 28 29
                                              30 31

       April                   Mai                   Juni
Mo Di Mi Do Fr Sa So   Mo Di Mi Do Fr Sa So   Mo Di Mi Do Fr Sa So
       1  2  3  4  5                1  2  3    1  2  3  4  5  6  7
 6  7  8  9 10 11 12    4  5  6  7  8  9 10    8  9 10 11 12 13 14
13 14 15 16 17 18 19   11 12 13 14 15 16 17   15 16 17 18 19 20 21
20 21 22 23 24 25 26   18 19 20 21 22 23 24   22 23 24 25 26 27 28
27 28 29 30            25 26 27 28 29 30 31   29 30

       Juli                  August                September
Mo Di Mi Do Fr Sa So   Mo Di Mi Do Fr Sa So   Mo Di Mi Do Fr Sa So
       1  2  3  4  5                   1  2       1  2  3  4  5  6
 6  7  8  9 10 11 12    3  4  5  6  7  8  9    7  8  9 10 11 12 13
13 14 15 16 17 18 19   10 11 12 13 14 15 16   14 15 16 17 18 19 20
20 21 22 23 24 25 26   17 18 19 20 21 22 23   21 22 23 24 25 26 27
27 28 29 30 31         24 25 26 27 28 29 30   28 29 30
                       31

      Oktober               November               Dezember
Mo Di Mi Do Fr Sa So   Mo Di Mi Do Fr Sa So   Mo Di Mi Do Fr Sa So
          1  2  3  4                      1       1  2  3  4  5  6
 5  6  7  8  9 10 11    2  3  4  5  6  7  8    7  8  9 10 11 12 13
12 13 14 15 16 17 18    9 10 11 12 13 14 15   14 15 16 17 18 19 20
19 20 21 22 23 24 25   16 17 18 19 20 21 22   21 22 23 24 25 26 27
26 27 28 29 30 31      23 24 25 26 27 28 29   28 29 30 31
                       30
@endnode

@node "2010" "2010"
@next "1995"
@prev "2009"
                              2010

      Januar                 Februar                 März
Mo Di Mi Do Fr Sa So   Mo Di Mi Do Fr Sa So   Mo Di Mi Do Fr Sa So
             1  2  3    1  2  3  4  5  6  7    1  2  3  4  5  6  7
 4  5  6  7  8  9 10    8  9 10 11 12 13 14    8  9 10 11 12 13 14
11 12 13 14 15 16 17   15 16 17 18 19 20 21   15 16 17 18 19 20 21
18 19 20 21 22 23 24   22 23 24 25 26 27 28   22 23 24 25 26 27 28
25 26 27 28 29 30 31                          29 30 31

       April                   Mai                   Juni
Mo Di Mi Do Fr Sa So   Mo Di Mi Do Fr Sa So   Mo Di Mi Do Fr Sa So
          1  2  3  4                   1  2       1  2  3  4  5  6
 5  6  7  8  9 10 11    3  4  5  6  7  8  9    7  8  9 10 11 12 13
12 13 14 15 16 17 18   10 11 12 13 14 15 16   14 15 16 17 18 19 20
19 20 21 22 23 24 25   17 18 19 20 21 22 23   21 22 23 24 25 26 27
26 27 28 29 30         24 25 26 27 28 29 30   28 29 30
                       31

       Juli                  August                September
Mo Di Mi Do Fr Sa So   Mo Di Mi Do Fr Sa So   Mo Di Mi Do Fr Sa So
          1  2  3  4                      1          1  2  3  4  5
 5  6  7  8  9 10 11    2  3  4  5  6  7  8    6  7  8  9 10 11 12
12 13 14 15 16 17 18    9 10 11 12 13 14 15   13 14 15 16 17 18 19
19 20 21 22 23 24 25   16 17 18 19 20 21 22   20 21 22 23 24 25 26
26 27 28 29 30 31      23 24 25 26 27 28 29   27 28 29 30
                       30 31

      Oktober               November               Dezember
Mo Di Mi Do Fr Sa So   Mo Di Mi Do Fr Sa So   Mo Di Mi Do Fr Sa So
             1  2  3    1  2  3  4  5  6  7          1  2  3  4  5
 4  5  6  7  8  9 10    8  9 10 11 12 13 14    6  7  8  9 10 11 12
11 12 13 14 15 16 17   15 16 17 18 19 20 21   13 14 15 16 17 18 19
18 19 20 21 22 23 24   22 23 24 25 26 27 28   20 21 22 23 24 25 26
25 26 27 28 29 30 31   29 30                  27 28 29 30 31
@endnode

